%YAML:1.0
---
calibration_Time: "2019年04月03日 星期三 18时56分32秒"
nrOfFrames: 27
image_Width: 640
image_Height: 480
board_Width: 6
board_Height: 4
square_Size: 30.
FixAspectRatio: 1.
# flags:  +fix_aspectRatio +fix_principal_point +zero_tangent_dist
flagValue: 14
Camera_Matrix: !!opencv-matrix
   rows: 3
   cols: 3
   dt: d
   data: [ 3.3924253862714096e+02, 0., 320., 0., 3.3924253862714096e+02,
       240., 0., 0., 1. ]
Distortion_Coefficients: !!opencv-matrix
   rows: 5
   cols: 1
   dt: d
   data: [ -3.6767159446472653e-01, 2.0662928283313586e-01, 0., 0.,
       -8.3256944753244688e-02 ]
Avg_Reprojection_Error: 4.9022695884610934e-01
Per_View_Reprojection_Errors: !!opencv-matrix
   rows: 27
   cols: 1
   dt: f
   data: [ 4.41751897e-01, 6.52814150e-01, 5.58794796e-01,
       6.54105306e-01, 8.10157180e-01, 5.91784894e-01, 4.86395448e-01,
       5.13528049e-01, 5.50313234e-01, 4.67610002e-01, 3.51899236e-01,
       4.36900944e-01, 5.26734591e-01, 5.74965060e-01, 6.09139442e-01,
       5.20508230e-01, 4.64067936e-01, 4.16770011e-01, 3.16893429e-01,
       3.20470273e-01, 3.39560091e-01, 4.10254419e-01, 4.24629986e-01,
       3.38680804e-01, 2.50192523e-01, 3.54723126e-01, 4.18297589e-01 ]
# a set of 6-tuples (rotation vector + translation vector) for each view
Extrinsic_Parameters: !!opencv-matrix
   rows: 27
   cols: 6
   dt: d
   data: [ -6.6388803200218038e-01, 4.8503765386516511e-02,
       1.5382024809605056e-02, -1.6685667654358352e+02,
       -1.2424389087513916e+00, 3.4004227772744417e+02,
       -3.8073534223738215e-01, 1.3811694094447104e-02,
       1.4708332683098810e-01, -4.0928250268230187e+01,
       -7.3695390588815613e+01, 2.8931655245554157e+02,
       -4.1778856545748239e-01, 3.5318048128669781e-02,
       1.2616001351487072e-01, -5.3432884694329402e+01,
       -5.4211377988630417e+01, 3.0426543383677853e+02,
       -4.2136415855397846e-01, 3.9157415091222378e-02,
       1.0628337904844613e-01, -6.5461283378629275e+01,
       -7.6454313959103885e+01, 2.9341862040973581e+02,
       -4.0607625951744869e-01, 2.8993604132664025e-02,
       8.6892651499281048e-02, -8.8317869238065242e+01,
       -1.0743047321315143e+02, 2.6788333863787506e+02,
       -3.9813805305306710e-01, 2.4644730432297632e-02,
       4.9727213485409837e-02, -1.1404453099731734e+02,
       -5.2177407406794359e+01, 2.8162488721828908e+02,
       -4.0913309649117580e-01, 4.8581182178825061e-03,
       9.4969680181815910e-02, -9.7669101776187006e+01,
       -1.5639872551584464e+01, 2.9645472523364180e+02,
       -4.0156574272075612e-01, -1.9777376326652822e-02,
       1.6613358567594882e-01, -6.3832570920122421e+01,
       -1.0656764153443435e+01, 2.9467162668195766e+02,
       -3.6985365589756003e-01, -7.6563460253646328e-03,
       2.0970565588414525e-01, -4.0870826560342373e+01,
       5.6049110160902993e-01, 2.9171844247951429e+02,
       -3.6676170096160587e-01, 1.9521068790860577e-02,
       1.6507533566494953e-01, -7.7437285053663288e+01,
       2.5083777951143816e+01, 2.8609965824880766e+02,
       -3.9777833307671667e-01, 4.2488485635249408e-02,
       5.7420431305063517e-02, -1.3284254953281064e+02,
       3.8350646451561317e+01, 2.8551756822419156e+02,
       -3.9226294263333256e-01, 5.4418606897203230e-02,
       2.2935151989414322e-02, -1.4254415584946472e+02,
       1.5264603231621183e+00, 2.8515245948785525e+02,
       -3.7989264746407275e-01, 2.5855455698303741e-02,
       5.6316451962546893e-02, -1.2948352645139755e+02,
       -2.5603529256101254e+01, 2.7906979532941097e+02,
       -3.8773345723880165e-01, 4.6730968303876795e-03,
       1.0900212437713687e-01, -1.0410061040872912e+02,
       -4.3867000055365033e+01, 2.7834684722537003e+02,
       -3.9538863659234846e-01, -1.8710988144064243e-03,
       1.2864141391682613e-01, -9.5228110622904680e+01,
       -4.9786786486848094e+01, 2.8219352630669459e+02,
       -4.3721131704896599e-01, -4.9680987037027634e-03,
       1.7492812689759543e-01, -7.1135693826133519e+01,
       -2.6749047559172823e+01, 3.0270776773453559e+02,
       -6.3494403260043197e-01, 9.0706840319347878e-02,
       5.1910936058886886e-02, -1.1956791134778774e+02,
       -1.3142648422521198e+01, 3.2501890384256404e+02,
       -6.9470383053910334e-01, 1.0588158683802064e-01,
       7.9016982633971795e-03, -1.4645156463808740e+02,
       -2.3054816837066699e+01, 3.5933320254673623e+02,
       -8.2027285810183426e-01, 1.3204510780298742e-01,
       -4.9413651197995363e-03, -1.4881851035381271e+02,
       7.9272494907417510e+00, 4.2187431166025755e+02,
       -8.1094822163650560e-01, 1.0183546430500648e-01,
       7.6008067163013143e-02, -1.1106874575452647e+02,
       7.5665379307554286e+00, 4.1432501454973686e+02,
       -6.9700475509575566e-01, 7.5398636748527231e-02,
       1.3538522222391430e-01, -8.4236994630367818e+01,
       6.0210298702767737e+00, 3.7040496893179488e+02,
       -6.4031374946215724e-01, -3.5363531006049674e-03,
       2.6953216737862240e-01, -3.4035054080256486e+01,
       4.8913280455702562e-01, 3.3531631044687862e+02,
       -5.7516340932487997e-01, -2.5998036402118348e-02,
       2.8381444764535080e-01, -3.0786787907395443e+01,
       9.0458306368498782e+00, 3.0875287044352109e+02,
       -5.5963799468154030e-01, 8.6790022404021130e-03,
       2.2823954727152992e-01, -6.6900318713092545e+01,
       5.3561135961578380e+01, 2.9429423666989635e+02,
       -5.9335444371092672e-01, 6.4861938119817761e-02,
       1.0708829335253843e-01, -1.2407172465362994e+02,
       6.9458026310227794e+01, 2.9781704174937988e+02,
       -5.7792749301137336e-01, 6.6856700901569033e-02,
       -1.1735171669096215e-02, -1.7732341107810481e+02,
       5.8139386579191019e+01, 2.9078103107242316e+02,
       -6.0796530299321205e-01, 6.4029730380985694e-02,
       -5.3786825039067641e-02, -1.9668909334698017e+02,
       3.2164156781010909e+01, 3.0673505024556880e+02 ]
